0 1 2 3 4 5 6 7 8 9 10 11 12 13 14 15 16 17 18 19 20 21 22 23 24 25 26 

0 1 2 3 4 5 6 7 8 
-0 -1 
-0 -2 
-0 -3 
-0 -4 
-0 -5 
-0 -6 
-0 -7 
-0 -8 
-1 -2 
-1 -3 
-1 -4 
-1 -5 
-1 -6 
-1 -7 
-1 -8 
-2 -3 
-2 -4 
-2 -5 
-2 -6 
-2 -7 
-2 -8 
-3 -4 
-3 -5 
-3 -6 
-3 -7 
-3 -8 
-4 -5 
-4 -6 
-4 -7 
-4 -8 
-5 -6 
-5 -7 
-5 -8 
-6 -7 
-6 -8 
-7 -8 
9 10 11 12 13 14 15 16 17 
-9 -10 
-9 -11 
-9 -12 
-9 -13 
-9 -14 
-9 -15 
-9 -16 
-9 -17 
-10 -11 
-10 -12 
-10 -13 
-10 -14 
-10 -15 
-10 -16 
-10 -17 
-11 -12 
-11 -13 
-11 -14 
-11 -15 
-11 -16 
-11 -17 
-12 -13 
-12 -14 
-12 -15 
-12 -16 
-12 -17 
-13 -14 
-13 -15 
-13 -16 
-13 -17 
-14 -15 
-14 -16 
-14 -17 
-15 -16 
-15 -17 
-16 -17 
18 19 20 21 22 23 24 25 26 
-18 -19 
-18 -20 
-18 -21 
-18 -22 
-18 -23 
-18 -24 
-18 -25 
-18 -26 
-19 -20 
-19 -21 
-19 -22 
-19 -23 
-19 -24 
-19 -25 
-19 -26 
-20 -21 
-20 -22 
-20 -23 
-20 -24 
-20 -25 
-20 -26 
-21 -22 
-21 -23 
-21 -24 
-21 -25 
-21 -26 
-22 -23 
-22 -24 
-22 -25 
-22 -26 
-23 -24 
-23 -25 
-23 -26 
-24 -25 
-24 -26 
-25 -26 
-0 -9 
-0 -12 
-0 -15 
-0 -18 
-0 -21 
-0 -24 
-1 -10 
-1 -13 
-1 -16 
-1 -19 
-1 -22 
-1 -25 
-2 -11 
-2 -14 
-2 -17 
-2 -20 
-2 -23 
-2 -26 
-3 -9 
-3 -12 
-3 -15 
-3 -18 
-3 -21 
-3 -24 
-4 -10 
-4 -13 
-4 -16 
-4 -19 
-4 -22 
-4 -25 
-5 -11 
-5 -14 
-5 -17 
-5 -20 
-5 -23 
-5 -26 
-6 -9 
-6 -12 
-6 -15 
-6 -18 
-6 -21 
-6 -24 
-7 -10 
-7 -13 
-7 -16 
-7 -19 
-7 -22 
-7 -25 
-8 -11 
-8 -14 
-8 -17 
-8 -20 
-8 -23 
-8 -26 
-9 -18 
-9 -21 
-9 -24 
-10 -19 
-10 -22 
-10 -25 
-11 -20 
-11 -23 
-11 -26 
-12 -18 
-12 -21 
-12 -24 
-13 -19 
-13 -22 
-13 -25 
-14 -20 
-14 -23 
-14 -26 
-15 -18 
-15 -21 
-15 -24 
-16 -19 
-16 -22 
-16 -25 
-17 -20 
-17 -23 
-17 -26 
-0 -10 
-0 -11 
-0 -19 
-0 -20 
-1 -9 
-1 -11 
-1 -18 
-1 -20 
-2 -9 
-2 -10 
-2 -18 
-2 -19 
-3 -13 
-3 -14 
-3 -22 
-3 -23 
-4 -12 
-4 -14 
-4 -21 
-4 -23 
-5 -12 
-5 -13 
-5 -21 
-5 -22 
-6 -16 
-6 -17 
-6 -25 
-6 -26 
-7 -15 
-7 -17 
-7 -24 
-7 -26 
-8 -15 
-8 -16 
-8 -24 
-8 -25 
-9 -19 
-9 -20 
-10 -18 
-10 -20 
-11 -18 
-11 -19 
-12 -22 
-12 -23 
-13 -21 
-13 -23 
-14 -21 
-14 -22 
-15 -25 
-15 -26 
-16 -24 
-16 -26 
-17 -24 
-17 -25 
-0 -13 
-0 -17 
-0 -22 
-0 -26 
-1 -14 
-1 -23 
-3 -16 
-3 -25 
-4 -9 
-4 -17 
-4 -18 
-4 -26 
-5 -10 
-5 -19 
-7 -12 
-7 -21 
-8 -9 
-8 -13 
-8 -18 
-8 -22 
-9 -22 
-9 -26 
-10 -23 
-12 -25 
-13 -18 
-13 -26 
-14 -19 
-16 -21 
-17 -18 
-17 -22 
-1 -12 
-1 -21 
-2 -13 
-2 -15 
-2 -22 
-2 -24 
-3 -10 
-3 -19 
-4 -11 
-4 -15 
-4 -20 
-4 -24 
-5 -16 
-5 -25 
-6 -11 
-6 -13 
-6 -20 
-6 -22 
-7 -14 
-7 -23 
-10 -21 
-11 -22 
-11 -24 
-12 -19 
-13 -20 
-13 -24 
-14 -25 
-15 -20 
-15 -22 
-16 -23 
