0 1 2 3 4 5 6 7 8 9 10 11 12 13 14 15 16 17 18 19 20 21 22 23 24 25 26 27 28 29 

0 1 2 3 4 
-0 -1 
-0 -2 
-0 -3 
-0 -4 
-1 -2 
-1 -3 
-1 -4 
-2 -3 
-2 -4 
-3 -4 
5 6 7 8 9 
-5 -6 
-5 -7 
-5 -8 
-5 -9 
-6 -7 
-6 -8 
-6 -9 
-7 -8 
-7 -9 
-8 -9 
10 11 12 13 14 
-10 -11 
-10 -12 
-10 -13 
-10 -14 
-11 -12 
-11 -13 
-11 -14 
-12 -13 
-12 -14 
-13 -14 
15 16 17 18 19 
-15 -16 
-15 -17 
-15 -18 
-15 -19 
-16 -17 
-16 -18 
-16 -19 
-17 -18 
-17 -19 
-18 -19 
20 21 22 23 24 
-20 -21 
-20 -22 
-20 -23 
-20 -24 
-21 -22 
-21 -23 
-21 -24 
-22 -23 
-22 -24 
-23 -24 
25 26 27 28 29 
-25 -26 
-25 -27 
-25 -28 
-25 -29 
-26 -27 
-26 -28 
-26 -29 
-27 -28 
-27 -29 
-28 -29 
-0 -5 
-0 -10 
-0 -15 
-0 -20 
-0 -25 
-5 -10 
-5 -15 
-5 -20 
-5 -25 
-10 -15 
-10 -20 
-10 -25 
-15 -20 
-15 -25 
-20 -25 
-1 -6 
-1 -11 
-1 -16 
-1 -21 
-1 -26 
-6 -11 
-6 -16 
-6 -21 
-6 -26 
-11 -16 
-11 -21 
-11 -26 
-16 -21 
-16 -26 
-21 -26 
-2 -7 
-2 -12 
-2 -17 
-2 -22 
-2 -27 
-7 -12 
-7 -17 
-7 -22 
-7 -27 
-12 -17 
-12 -22 
-12 -27 
-17 -22 
-17 -27 
-22 -27 
-3 -8 
-3 -13 
-3 -18 
-3 -23 
-3 -28 
-8 -13 
-8 -18 
-8 -23 
-8 -28 
-13 -18 
-13 -23 
-13 -28 
-18 -23 
-18 -28 
-23 -28 
-4 -9 
-4 -14 
-4 -19 
-4 -24 
-4 -29 
-9 -14 
-9 -19 
-9 -24 
-9 -29 
-14 -19 
-14 -24 
-14 -29 
-19 -24 
-19 -29 
-24 -29 
