0 1 2 3 4 5 6 7 8 9 10 11 12 13 14 15 16 17 18 19 20 21 22 23 24 25 26 27 28 29 30 31 32 33 34 35 36 37 38 39 40 41 

0 1 2 3 4 5 
-0 -1 
-0 -2 
-0 -3 
-0 -4 
-0 -5 
-1 -2 
-1 -3 
-1 -4 
-1 -5 
-2 -3 
-2 -4 
-2 -5 
-3 -4 
-3 -5 
-4 -5 
6 7 8 9 10 11 
-6 -7 
-6 -8 
-6 -9 
-6 -10 
-6 -11 
-7 -8 
-7 -9 
-7 -10 
-7 -11 
-8 -9 
-8 -10 
-8 -11 
-9 -10 
-9 -11 
-10 -11 
12 13 14 15 16 17 
-12 -13 
-12 -14 
-12 -15 
-12 -16 
-12 -17 
-13 -14 
-13 -15 
-13 -16 
-13 -17 
-14 -15 
-14 -16 
-14 -17 
-15 -16 
-15 -17 
-16 -17 
18 19 20 21 22 23 
-18 -19 
-18 -20 
-18 -21 
-18 -22 
-18 -23 
-19 -20 
-19 -21 
-19 -22 
-19 -23 
-20 -21 
-20 -22 
-20 -23 
-21 -22 
-21 -23 
-22 -23 
24 25 26 27 28 29 
-24 -25 
-24 -26 
-24 -27 
-24 -28 
-24 -29 
-25 -26 
-25 -27 
-25 -28 
-25 -29 
-26 -27 
-26 -28 
-26 -29 
-27 -28 
-27 -29 
-28 -29 
30 31 32 33 34 35 
-30 -31 
-30 -32 
-30 -33 
-30 -34 
-30 -35 
-31 -32 
-31 -33 
-31 -34 
-31 -35 
-32 -33 
-32 -34 
-32 -35 
-33 -34 
-33 -35 
-34 -35 
36 37 38 39 40 41 
-36 -37 
-36 -38 
-36 -39 
-36 -40 
-36 -41 
-37 -38 
-37 -39 
-37 -40 
-37 -41 
-38 -39 
-38 -40 
-38 -41 
-39 -40 
-39 -41 
-40 -41 
-0 -6 
-0 -12 
-0 -18 
-0 -24 
-0 -30 
-0 -36 
-6 -12 
-6 -18 
-6 -24 
-6 -30 
-6 -36 
-12 -18 
-12 -24 
-12 -30 
-12 -36 
-18 -24 
-18 -30 
-18 -36 
-24 -30 
-24 -36 
-30 -36 
-1 -7 
-1 -13 
-1 -19 
-1 -25 
-1 -31 
-1 -37 
-7 -13 
-7 -19 
-7 -25 
-7 -31 
-7 -37 
-13 -19 
-13 -25 
-13 -31 
-13 -37 
-19 -25 
-19 -31 
-19 -37 
-25 -31 
-25 -37 
-31 -37 
-2 -8 
-2 -14 
-2 -20 
-2 -26 
-2 -32 
-2 -38 
-8 -14 
-8 -20 
-8 -26 
-8 -32 
-8 -38 
-14 -20 
-14 -26 
-14 -32 
-14 -38 
-20 -26 
-20 -32 
-20 -38 
-26 -32 
-26 -38 
-32 -38 
-3 -9 
-3 -15 
-3 -21 
-3 -27 
-3 -33 
-3 -39 
-9 -15 
-9 -21 
-9 -27 
-9 -33 
-9 -39 
-15 -21 
-15 -27 
-15 -33 
-15 -39 
-21 -27 
-21 -33 
-21 -39 
-27 -33 
-27 -39 
-33 -39 
-4 -10 
-4 -16 
-4 -22 
-4 -28 
-4 -34 
-4 -40 
-10 -16 
-10 -22 
-10 -28 
-10 -34 
-10 -40 
-16 -22 
-16 -28 
-16 -34 
-16 -40 
-22 -28 
-22 -34 
-22 -40 
-28 -34 
-28 -40 
-34 -40 
-5 -11 
-5 -17 
-5 -23 
-5 -29 
-5 -35 
-5 -41 
-11 -17 
-11 -23 
-11 -29 
-11 -35 
-11 -41 
-17 -23 
-17 -29 
-17 -35 
-17 -41 
-23 -29 
-23 -35 
-23 -41 
-29 -35 
-29 -41 
-35 -41 
