0 1 2 3 4 5 6 7 8 9 10 11 12 13 14 15 16 17 18 19 20 21 22 23 24 25 26 27 28 29 30 31 32 33 34 35 36 37 38 39 40 41 42 43 44 45 46 47 48 49 50 51 52 53 54 55 

0 1 2 3 4 5 6 
-0 -1 
-0 -2 
-0 -3 
-0 -4 
-0 -5 
-0 -6 
-1 -2 
-1 -3 
-1 -4 
-1 -5 
-1 -6 
-2 -3 
-2 -4 
-2 -5 
-2 -6 
-3 -4 
-3 -5 
-3 -6 
-4 -5 
-4 -6 
-5 -6 
7 8 9 10 11 12 13 
-7 -8 
-7 -9 
-7 -10 
-7 -11 
-7 -12 
-7 -13 
-8 -9 
-8 -10 
-8 -11 
-8 -12 
-8 -13 
-9 -10 
-9 -11 
-9 -12 
-9 -13 
-10 -11 
-10 -12 
-10 -13 
-11 -12 
-11 -13 
-12 -13 
14 15 16 17 18 19 20 
-14 -15 
-14 -16 
-14 -17 
-14 -18 
-14 -19 
-14 -20 
-15 -16 
-15 -17 
-15 -18 
-15 -19 
-15 -20 
-16 -17 
-16 -18 
-16 -19 
-16 -20 
-17 -18 
-17 -19 
-17 -20 
-18 -19 
-18 -20 
-19 -20 
21 22 23 24 25 26 27 
-21 -22 
-21 -23 
-21 -24 
-21 -25 
-21 -26 
-21 -27 
-22 -23 
-22 -24 
-22 -25 
-22 -26 
-22 -27 
-23 -24 
-23 -25 
-23 -26 
-23 -27 
-24 -25 
-24 -26 
-24 -27 
-25 -26 
-25 -27 
-26 -27 
28 29 30 31 32 33 34 
-28 -29 
-28 -30 
-28 -31 
-28 -32 
-28 -33 
-28 -34 
-29 -30 
-29 -31 
-29 -32 
-29 -33 
-29 -34 
-30 -31 
-30 -32 
-30 -33 
-30 -34 
-31 -32 
-31 -33 
-31 -34 
-32 -33 
-32 -34 
-33 -34 
35 36 37 38 39 40 41 
-35 -36 
-35 -37 
-35 -38 
-35 -39 
-35 -40 
-35 -41 
-36 -37 
-36 -38 
-36 -39 
-36 -40 
-36 -41 
-37 -38 
-37 -39 
-37 -40 
-37 -41 
-38 -39 
-38 -40 
-38 -41 
-39 -40 
-39 -41 
-40 -41 
42 43 44 45 46 47 48 
-42 -43 
-42 -44 
-42 -45 
-42 -46 
-42 -47 
-42 -48 
-43 -44 
-43 -45 
-43 -46 
-43 -47 
-43 -48 
-44 -45 
-44 -46 
-44 -47 
-44 -48 
-45 -46 
-45 -47 
-45 -48 
-46 -47 
-46 -48 
-47 -48 
49 50 51 52 53 54 55 
-49 -50 
-49 -51 
-49 -52 
-49 -53 
-49 -54 
-49 -55 
-50 -51 
-50 -52 
-50 -53 
-50 -54 
-50 -55 
-51 -52 
-51 -53 
-51 -54 
-51 -55 
-52 -53 
-52 -54 
-52 -55 
-53 -54 
-53 -55 
-54 -55 
-0 -7 
-0 -14 
-0 -21 
-0 -28 
-0 -35 
-0 -42 
-0 -49 
-7 -14 
-7 -21 
-7 -28 
-7 -35 
-7 -42 
-7 -49 
-14 -21 
-14 -28 
-14 -35 
-14 -42 
-14 -49 
-21 -28 
-21 -35 
-21 -42 
-21 -49 
-28 -35 
-28 -42 
-28 -49 
-35 -42 
-35 -49 
-42 -49 
-1 -8 
-1 -15 
-1 -22 
-1 -29 
-1 -36 
-1 -43 
-1 -50 
-8 -15 
-8 -22 
-8 -29 
-8 -36 
-8 -43 
-8 -50 
-15 -22 
-15 -29 
-15 -36 
-15 -43 
-15 -50 
-22 -29 
-22 -36 
-22 -43 
-22 -50 
-29 -36 
-29 -43 
-29 -50 
-36 -43 
-36 -50 
-43 -50 
-2 -9 
-2 -16 
-2 -23 
-2 -30 
-2 -37 
-2 -44 
-2 -51 
-9 -16 
-9 -23 
-9 -30 
-9 -37 
-9 -44 
-9 -51 
-16 -23 
-16 -30 
-16 -37 
-16 -44 
-16 -51 
-23 -30 
-23 -37 
-23 -44 
-23 -51 
-30 -37 
-30 -44 
-30 -51 
-37 -44 
-37 -51 
-44 -51 
-3 -10 
-3 -17 
-3 -24 
-3 -31 
-3 -38 
-3 -45 
-3 -52 
-10 -17 
-10 -24 
-10 -31 
-10 -38 
-10 -45 
-10 -52 
-17 -24 
-17 -31 
-17 -38 
-17 -45 
-17 -52 
-24 -31 
-24 -38 
-24 -45 
-24 -52 
-31 -38 
-31 -45 
-31 -52 
-38 -45 
-38 -52 
-45 -52 
-4 -11 
-4 -18 
-4 -25 
-4 -32 
-4 -39 
-4 -46 
-4 -53 
-11 -18 
-11 -25 
-11 -32 
-11 -39 
-11 -46 
-11 -53 
-18 -25 
-18 -32 
-18 -39 
-18 -46 
-18 -53 
-25 -32 
-25 -39 
-25 -46 
-25 -53 
-32 -39 
-32 -46 
-32 -53 
-39 -46 
-39 -53 
-46 -53 
-5 -12 
-5 -19 
-5 -26 
-5 -33 
-5 -40 
-5 -47 
-5 -54 
-12 -19 
-12 -26 
-12 -33 
-12 -40 
-12 -47 
-12 -54 
-19 -26 
-19 -33 
-19 -40 
-19 -47 
-19 -54 
-26 -33 
-26 -40 
-26 -47 
-26 -54 
-33 -40 
-33 -47 
-33 -54 
-40 -47 
-40 -54 
-47 -54 
-6 -13 
-6 -20 
-6 -27 
-6 -34 
-6 -41 
-6 -48 
-6 -55 
-13 -20 
-13 -27 
-13 -34 
-13 -41 
-13 -48 
-13 -55 
-20 -27 
-20 -34 
-20 -41 
-20 -48 
-20 -55 
-27 -34 
-27 -41 
-27 -48 
-27 -55 
-34 -41 
-34 -48 
-34 -55 
-41 -48 
-41 -55 
-48 -55 
