0 1 2 3 4 5 6 7 8 9 10 11 12 13 14 15 16 17 18 19 

0 1 2 3 
-0 -1 
-0 -2 
-0 -3 
-1 -2 
-1 -3 
-2 -3 
4 5 6 7 
-4 -5 
-4 -6 
-4 -7 
-5 -6 
-5 -7 
-6 -7 
8 9 10 11 
-8 -9 
-8 -10 
-8 -11 
-9 -10 
-9 -11 
-10 -11 
12 13 14 15 
-12 -13 
-12 -14 
-12 -15 
-13 -14 
-13 -15 
-14 -15 
16 17 18 19 
-16 -17 
-16 -18 
-16 -19 
-17 -18 
-17 -19 
-18 -19 
-0 -4 
-0 -8 
-0 -12 
-0 -16 
-4 -8 
-4 -12 
-4 -16 
-8 -12 
-8 -16 
-12 -16 
-1 -5 
-1 -9 
-1 -13 
-1 -17 
-5 -9 
-5 -13 
-5 -17 
-9 -13 
-9 -17 
-13 -17 
-2 -6 
-2 -10 
-2 -14 
-2 -18 
-6 -10 
-6 -14 
-6 -18 
-10 -14 
-10 -18 
-14 -18 
-3 -7 
-3 -11 
-3 -15 
-3 -19 
-7 -11 
-7 -15 
-7 -19 
-11 -15 
-11 -19 
-15 -19 
