0 1 2 3 4 5 6 7 8 9 10 11 12 13 14 15 

0 1 2 3 
-0 -1 
-0 -2 
-0 -3 
-1 -2 
-1 -3 
-2 -3 
4 5 6 7 
-4 -5 
-4 -6 
-4 -7 
-5 -6 
-5 -7 
-6 -7 
8 9 10 11 
-8 -9 
-8 -10 
-8 -11 
-9 -10 
-9 -11 
-10 -11 
12 13 14 15 
-12 -13 
-12 -14 
-12 -15 
-13 -14 
-13 -15 
-14 -15 
-0 -4 
-0 -8 
-0 -12 
-4 -8 
-4 -12 
-8 -12 
-1 -5 
-1 -9 
-1 -13 
-5 -9 
-5 -13 
-9 -13 
-2 -6 
-2 -10 
-2 -14 
-6 -10 
-6 -14 
-10 -14 
-3 -7 
-3 -11 
-3 -15 
-7 -11 
-7 -15 
-11 -15 
-0 -5 
-0 -10 
-0 -15 
-1 -6 
-1 -11 
-2 -7 
-4 -9 
-4 -14 
-5 -0 
-5 -10 
-5 -15 
-6 -1 
-6 -11 
-7 -2 
-8 -13 
-9 -4 
-9 -14 
-10 -0 
-10 -5 
-10 -15 
-11 -1 
-11 -6 
-13 -8 
-14 -4 
-14 -9 
-15 -0 
-15 -5 
-15 -10 
-1 -4 
-2 -5 
-2 -8 
-3 -6 
-3 -9 
-3 -12 
-4 -1 
-5 -2 
-5 -8 
-6 -3 
-6 -9 
-6 -12 
-7 -10 
-7 -13 
-8 -2 
-8 -5 
-9 -3 
-9 -6 
-9 -12 
-10 -7 
-10 -13 
-11 -14 
-12 -3 
-12 -6 
-12 -9 
-13 -7 
-13 -10 
-14 -11 
