0 1 2 3 4 5 6 7 8 9 10 11 12 13 14 15 16 17 18 19 20 21 22 23 24 

0 1 2 3 4 
-0 -1 
-0 -2 
-0 -3 
-0 -4 
-1 -2 
-1 -3 
-1 -4 
-2 -3 
-2 -4 
-3 -4 
5 6 7 8 9 
-5 -6 
-5 -7 
-5 -8 
-5 -9 
-6 -7 
-6 -8 
-6 -9 
-7 -8 
-7 -9 
-8 -9 
10 11 12 13 14 
-10 -11 
-10 -12 
-10 -13 
-10 -14 
-11 -12 
-11 -13 
-11 -14 
-12 -13 
-12 -14 
-13 -14 
15 16 17 18 19 
-15 -16 
-15 -17 
-15 -18 
-15 -19 
-16 -17 
-16 -18 
-16 -19 
-17 -18 
-17 -19 
-18 -19 
20 21 22 23 24 
-20 -21 
-20 -22 
-20 -23 
-20 -24 
-21 -22 
-21 -23 
-21 -24 
-22 -23 
-22 -24 
-23 -24 
-0 -5 
-0 -10 
-0 -15 
-0 -20 
-5 -10 
-5 -15 
-5 -20 
-10 -15 
-10 -20 
-15 -20 
-1 -6 
-1 -11 
-1 -16 
-1 -21 
-6 -11 
-6 -16 
-6 -21 
-11 -16 
-11 -21 
-16 -21 
-2 -7 
-2 -12 
-2 -17 
-2 -22 
-7 -12 
-7 -17 
-7 -22 
-12 -17 
-12 -22 
-17 -22 
-3 -8 
-3 -13 
-3 -18 
-3 -23 
-8 -13 
-8 -18 
-8 -23 
-13 -18 
-13 -23 
-18 -23 
-4 -9 
-4 -14 
-4 -19 
-4 -24 
-9 -14 
-9 -19 
-9 -24 
-14 -19 
-14 -24 
-19 -24 
-0 -6 
-0 -12 
-0 -18 
-0 -24 
-1 -7 
-1 -13 
-1 -19 
-2 -8 
-2 -14 
-3 -9 
-5 -11 
-5 -17 
-5 -23 
-6 -0 
-6 -12 
-6 -18 
-6 -24 
-7 -1 
-7 -13 
-7 -19 
-8 -2 
-8 -14 
-9 -3 
-10 -16 
-10 -22 
-11 -5 
-11 -17 
-11 -23 
-12 -0 
-12 -6 
-12 -18 
-12 -24 
-13 -1 
-13 -7 
-13 -19 
-14 -2 
-14 -8 
-15 -21 
-16 -10 
-16 -22 
-17 -5 
-17 -11 
-17 -23 
-18 -0 
-18 -6 
-18 -12 
-18 -24 
-19 -1 
-19 -7 
-19 -13 
-21 -15 
-22 -10 
-22 -16 
-23 -5 
-23 -11 
-23 -17 
-24 -0 
-24 -6 
-24 -12 
-24 -18 
-1 -5 
-2 -6 
-2 -10 
-3 -7 
-3 -11 
-3 -15 
-4 -8 
-4 -12 
-4 -16 
-4 -20 
-5 -1 
-6 -2 
-6 -10 
-7 -3 
-7 -11 
-7 -15 
-8 -4 
-8 -12 
-8 -16 
-8 -20 
-9 -13 
-9 -17 
-9 -21 
-10 -2 
-10 -6 
-11 -3 
-11 -7 
-11 -15 
-12 -4 
-12 -8 
-12 -16 
-12 -20 
-13 -9 
-13 -17 
-13 -21 
-14 -18 
-14 -22 
-15 -3 
-15 -7 
-15 -11 
-16 -4 
-16 -8 
-16 -12 
-16 -20 
-17 -9 
-17 -13 
-17 -21 
-18 -14 
-18 -22 
-19 -23 
-20 -4 
-20 -8 
-20 -12 
-20 -16 
-21 -9 
-21 -13 
-21 -17 
-22 -14 
-22 -18 
-23 -19 
