0 1 2 3 4 5 6 7 8 9 10 11 12 13 14 15 16 17 18 19 20 21 22 23 24 25 26 27 28 29 30 31 32 33 34 35 36 37 38 39 40 41 42 43 44 45 46 47 48 49 50 51 52 53 54 55 56 57 58 59 60 61 62 63 

0 1 2 3 4 5 6 7 
-0 -1 
-0 -2 
-0 -3 
-0 -4 
-0 -5 
-0 -6 
-0 -7 
-1 -2 
-1 -3 
-1 -4 
-1 -5 
-1 -6 
-1 -7 
-2 -3 
-2 -4 
-2 -5 
-2 -6 
-2 -7 
-3 -4 
-3 -5 
-3 -6 
-3 -7 
-4 -5 
-4 -6 
-4 -7 
-5 -6 
-5 -7 
-6 -7 
8 9 10 11 12 13 14 15 
-8 -9 
-8 -10 
-8 -11 
-8 -12 
-8 -13 
-8 -14 
-8 -15 
-9 -10 
-9 -11 
-9 -12 
-9 -13 
-9 -14 
-9 -15 
-10 -11 
-10 -12 
-10 -13 
-10 -14 
-10 -15 
-11 -12 
-11 -13 
-11 -14 
-11 -15 
-12 -13 
-12 -14 
-12 -15 
-13 -14 
-13 -15 
-14 -15 
16 17 18 19 20 21 22 23 
-16 -17 
-16 -18 
-16 -19 
-16 -20 
-16 -21 
-16 -22 
-16 -23 
-17 -18 
-17 -19 
-17 -20 
-17 -21 
-17 -22 
-17 -23 
-18 -19 
-18 -20 
-18 -21 
-18 -22 
-18 -23 
-19 -20 
-19 -21 
-19 -22 
-19 -23 
-20 -21 
-20 -22 
-20 -23 
-21 -22 
-21 -23 
-22 -23 
24 25 26 27 28 29 30 31 
-24 -25 
-24 -26 
-24 -27 
-24 -28 
-24 -29 
-24 -30 
-24 -31 
-25 -26 
-25 -27 
-25 -28 
-25 -29 
-25 -30 
-25 -31 
-26 -27 
-26 -28 
-26 -29 
-26 -30 
-26 -31 
-27 -28 
-27 -29 
-27 -30 
-27 -31 
-28 -29 
-28 -30 
-28 -31 
-29 -30 
-29 -31 
-30 -31 
32 33 34 35 36 37 38 39 
-32 -33 
-32 -34 
-32 -35 
-32 -36 
-32 -37 
-32 -38 
-32 -39 
-33 -34 
-33 -35 
-33 -36 
-33 -37 
-33 -38 
-33 -39 
-34 -35 
-34 -36 
-34 -37 
-34 -38 
-34 -39 
-35 -36 
-35 -37 
-35 -38 
-35 -39 
-36 -37 
-36 -38 
-36 -39 
-37 -38 
-37 -39 
-38 -39 
40 41 42 43 44 45 46 47 
-40 -41 
-40 -42 
-40 -43 
-40 -44 
-40 -45 
-40 -46 
-40 -47 
-41 -42 
-41 -43 
-41 -44 
-41 -45 
-41 -46 
-41 -47 
-42 -43 
-42 -44 
-42 -45 
-42 -46 
-42 -47 
-43 -44 
-43 -45 
-43 -46 
-43 -47 
-44 -45 
-44 -46 
-44 -47 
-45 -46 
-45 -47 
-46 -47 
48 49 50 51 52 53 54 55 
-48 -49 
-48 -50 
-48 -51 
-48 -52 
-48 -53 
-48 -54 
-48 -55 
-49 -50 
-49 -51 
-49 -52 
-49 -53 
-49 -54 
-49 -55 
-50 -51 
-50 -52 
-50 -53 
-50 -54 
-50 -55 
-51 -52 
-51 -53 
-51 -54 
-51 -55 
-52 -53 
-52 -54 
-52 -55 
-53 -54 
-53 -55 
-54 -55 
56 57 58 59 60 61 62 63 
-56 -57 
-56 -58 
-56 -59 
-56 -60 
-56 -61 
-56 -62 
-56 -63 
-57 -58 
-57 -59 
-57 -60 
-57 -61 
-57 -62 
-57 -63 
-58 -59 
-58 -60 
-58 -61 
-58 -62 
-58 -63 
-59 -60 
-59 -61 
-59 -62 
-59 -63 
-60 -61 
-60 -62 
-60 -63 
-61 -62 
-61 -63 
-62 -63 
-0 -8 
-0 -16 
-0 -24 
-0 -32 
-0 -40 
-0 -48 
-0 -56 
-8 -16 
-8 -24 
-8 -32 
-8 -40 
-8 -48 
-8 -56 
-16 -24 
-16 -32 
-16 -40 
-16 -48 
-16 -56 
-24 -32 
-24 -40 
-24 -48 
-24 -56 
-32 -40 
-32 -48 
-32 -56 
-40 -48 
-40 -56 
-48 -56 
-1 -9 
-1 -17 
-1 -25 
-1 -33 
-1 -41 
-1 -49 
-1 -57 
-9 -17 
-9 -25 
-9 -33 
-9 -41 
-9 -49 
-9 -57 
-17 -25 
-17 -33 
-17 -41 
-17 -49 
-17 -57 
-25 -33 
-25 -41 
-25 -49 
-25 -57 
-33 -41 
-33 -49 
-33 -57 
-41 -49 
-41 -57 
-49 -57 
-2 -10 
-2 -18 
-2 -26 
-2 -34 
-2 -42 
-2 -50 
-2 -58 
-10 -18 
-10 -26 
-10 -34 
-10 -42 
-10 -50 
-10 -58 
-18 -26 
-18 -34 
-18 -42 
-18 -50 
-18 -58 
-26 -34 
-26 -42 
-26 -50 
-26 -58 
-34 -42 
-34 -50 
-34 -58 
-42 -50 
-42 -58 
-50 -58 
-3 -11 
-3 -19 
-3 -27 
-3 -35 
-3 -43 
-3 -51 
-3 -59 
-11 -19 
-11 -27 
-11 -35 
-11 -43 
-11 -51 
-11 -59 
-19 -27 
-19 -35 
-19 -43 
-19 -51 
-19 -59 
-27 -35 
-27 -43 
-27 -51 
-27 -59 
-35 -43 
-35 -51 
-35 -59 
-43 -51 
-43 -59 
-51 -59 
-4 -12 
-4 -20 
-4 -28 
-4 -36 
-4 -44 
-4 -52 
-4 -60 
-12 -20 
-12 -28 
-12 -36 
-12 -44 
-12 -52 
-12 -60 
-20 -28 
-20 -36 
-20 -44 
-20 -52 
-20 -60 
-28 -36 
-28 -44 
-28 -52 
-28 -60 
-36 -44 
-36 -52 
-36 -60 
-44 -52 
-44 -60 
-52 -60 
-5 -13 
-5 -21 
-5 -29 
-5 -37 
-5 -45 
-5 -53 
-5 -61 
-13 -21 
-13 -29 
-13 -37 
-13 -45 
-13 -53 
-13 -61 
-21 -29 
-21 -37 
-21 -45 
-21 -53 
-21 -61 
-29 -37 
-29 -45 
-29 -53 
-29 -61 
-37 -45 
-37 -53 
-37 -61 
-45 -53 
-45 -61 
-53 -61 
-6 -14 
-6 -22 
-6 -30 
-6 -38 
-6 -46 
-6 -54 
-6 -62 
-14 -22 
-14 -30 
-14 -38 
-14 -46 
-14 -54 
-14 -62 
-22 -30 
-22 -38 
-22 -46 
-22 -54 
-22 -62 
-30 -38 
-30 -46 
-30 -54 
-30 -62 
-38 -46 
-38 -54 
-38 -62 
-46 -54 
-46 -62 
-54 -62 
-7 -15 
-7 -23 
-7 -31 
-7 -39 
-7 -47 
-7 -55 
-7 -63 
-15 -23 
-15 -31 
-15 -39 
-15 -47 
-15 -55 
-15 -63 
-23 -31 
-23 -39 
-23 -47 
-23 -55 
-23 -63 
-31 -39 
-31 -47 
-31 -55 
-31 -63 
-39 -47 
-39 -55 
-39 -63 
-47 -55 
-47 -63 
-55 -63 
-0 -9 
-0 -18 
-0 -27 
-0 -36 
-0 -45 
-0 -54 
-0 -63 
-1 -10 
-1 -19 
-1 -28 
-1 -37 
-1 -46 
-1 -55 
-2 -11 
-2 -20 
-2 -29 
-2 -38 
-2 -47 
-3 -12 
-3 -21 
-3 -30 
-3 -39 
-4 -13 
-4 -22 
-4 -31 
-5 -14 
-5 -23 
-6 -15 
-8 -17 
-8 -26 
-8 -35 
-8 -44 
-8 -53 
-8 -62 
-9 -0 
-9 -18 
-9 -27 
-9 -36 
-9 -45 
-9 -54 
-9 -63 
-10 -1 
-10 -19 
-10 -28 
-10 -37 
-10 -46 
-10 -55 
-11 -2 
-11 -20 
-11 -29 
-11 -38 
-11 -47 
-12 -3 
-12 -21 
-12 -30 
-12 -39 
-13 -4 
-13 -22 
-13 -31 
-14 -5 
-14 -23 
-15 -6 
-16 -25 
-16 -34 
-16 -43 
-16 -52 
-16 -61 
-17 -8 
-17 -26 
-17 -35 
-17 -44 
-17 -53 
-17 -62 
-18 -0 
-18 -9 
-18 -27 
-18 -36 
-18 -45 
-18 -54 
-18 -63 
-19 -1 
-19 -10 
-19 -28 
-19 -37 
-19 -46 
-19 -55 
-20 -2 
-20 -11 
-20 -29 
-20 -38 
-20 -47 
-21 -3 
-21 -12 
-21 -30 
-21 -39 
-22 -4 
-22 -13 
-22 -31 
-23 -5 
-23 -14 
-24 -33 
-24 -42 
-24 -51 
-24 -60 
-25 -16 
-25 -34 
-25 -43 
-25 -52 
-25 -61 
-26 -8 
-26 -17 
-26 -35 
-26 -44 
-26 -53 
-26 -62 
-27 -0 
-27 -9 
-27 -18 
-27 -36 
-27 -45 
-27 -54 
-27 -63 
-28 -1 
-28 -10 
-28 -19 
-28 -37 
-28 -46 
-28 -55 
-29 -2 
-29 -11 
-29 -20 
-29 -38 
-29 -47 
-30 -3 
-30 -12 
-30 -21 
-30 -39 
-31 -4 
-31 -13 
-31 -22 
-32 -41 
-32 -50 
-32 -59 
-33 -24 
-33 -42 
-33 -51 
-33 -60 
-34 -16 
-34 -25 
-34 -43 
-34 -52 
-34 -61 
-35 -8 
-35 -17 
-35 -26 
-35 -44 
-35 -53 
-35 -62 
-36 -0 
-36 -9 
-36 -18 
-36 -27 
-36 -45 
-36 -54 
-36 -63 
-37 -1 
-37 -10 
-37 -19 
-37 -28 
-37 -46 
-37 -55 
-38 -2 
-38 -11 
-38 -20 
-38 -29 
-38 -47 
-39 -3 
-39 -12 
-39 -21 
-39 -30 
-40 -49 
-40 -58 
-41 -32 
-41 -50 
-41 -59 
-42 -24 
-42 -33 
-42 -51 
-42 -60 
-43 -16 
-43 -25 
-43 -34 
-43 -52 
-43 -61 
-44 -8 
-44 -17 
-44 -26 
-44 -35 
-44 -53 
-44 -62 
-45 -0 
-45 -9 
-45 -18 
-45 -27 
-45 -36 
-45 -54 
-45 -63 
-46 -1 
-46 -10 
-46 -19 
-46 -28 
-46 -37 
-46 -55 
-47 -2 
-47 -11 
-47 -20 
-47 -29 
-47 -38 
-48 -57 
-49 -40 
-49 -58 
-50 -32 
-50 -41 
-50 -59 
-51 -24 
-51 -33 
-51 -42 
-51 -60 
-52 -16 
-52 -25 
-52 -34 
-52 -43 
-52 -61 
-53 -8 
-53 -17 
-53 -26 
-53 -35 
-53 -44 
-53 -62 
-54 -0 
-54 -9 
-54 -18 
-54 -27 
-54 -36 
-54 -45 
-54 -63 
-55 -1 
-55 -10 
-55 -19 
-55 -28 
-55 -37 
-55 -46 
-57 -48 
-58 -40 
-58 -49 
-59 -32 
-59 -41 
-59 -50 
-60 -24 
-60 -33 
-60 -42 
-60 -51 
-61 -16 
-61 -25 
-61 -34 
-61 -43 
-61 -52 
-62 -8 
-62 -17 
-62 -26 
-62 -35 
-62 -44 
-62 -53 
-63 -0 
-63 -9 
-63 -18 
-63 -27 
-63 -36 
-63 -45 
-63 -54 
-1 -8 
-2 -9 
-2 -16 
-3 -10 
-3 -17 
-3 -24 
-4 -11 
-4 -18 
-4 -25 
-4 -32 
-5 -12 
-5 -19 
-5 -26 
-5 -33 
-5 -40 
-6 -13 
-6 -20 
-6 -27 
-6 -34 
-6 -41 
-6 -48 
-7 -14 
-7 -21 
-7 -28 
-7 -35 
-7 -42 
-7 -49 
-7 -56 
-8 -1 
-9 -2 
-9 -16 
-10 -3 
-10 -17 
-10 -24 
-11 -4 
-11 -18 
-11 -25 
-11 -32 
-12 -5 
-12 -19 
-12 -26 
-12 -33 
-12 -40 
-13 -6 
-13 -20 
-13 -27 
-13 -34 
-13 -41 
-13 -48 
-14 -7 
-14 -21 
-14 -28 
-14 -35 
-14 -42 
-14 -49 
-14 -56 
-15 -22 
-15 -29 
-15 -36 
-15 -43 
-15 -50 
-15 -57 
-16 -2 
-16 -9 
-17 -3 
-17 -10 
-17 -24 
-18 -4 
-18 -11 
-18 -25 
-18 -32 
-19 -5 
-19 -12 
-19 -26 
-19 -33 
-19 -40 
-20 -6 
-20 -13 
-20 -27 
-20 -34 
-20 -41 
-20 -48 
-21 -7 
-21 -14 
-21 -28 
-21 -35 
-21 -42 
-21 -49 
-21 -56 
-22 -15 
-22 -29 
-22 -36 
-22 -43 
-22 -50 
-22 -57 
-23 -30 
-23 -37 
-23 -44 
-23 -51 
-23 -58 
-24 -3 
-24 -10 
-24 -17 
-25 -4 
-25 -11 
-25 -18 
-25 -32 
-26 -5 
-26 -12 
-26 -19 
-26 -33 
-26 -40 
-27 -6 
-27 -13 
-27 -20 
-27 -34 
-27 -41 
-27 -48 
-28 -7 
-28 -14 
-28 -21 
-28 -35 
-28 -42 
-28 -49 
-28 -56 
-29 -15 
-29 -22 
-29 -36 
-29 -43 
-29 -50 
-29 -57 
-30 -23 
-30 -37 
-30 -44 
-30 -51 
-30 -58 
-31 -38 
-31 -45 
-31 -52 
-31 -59 
-32 -4 
-32 -11 
-32 -18 
-32 -25 
-33 -5 
-33 -12 
-33 -19 
-33 -26 
-33 -40 
-34 -6 
-34 -13 
-34 -20 
-34 -27 
-34 -41 
-34 -48 
-35 -7 
-35 -14 
-35 -21 
-35 -28 
-35 -42 
-35 -49 
-35 -56 
-36 -15 
-36 -22 
-36 -29 
-36 -43 
-36 -50 
-36 -57 
-37 -23 
-37 -30 
-37 -44 
-37 -51 
-37 -58 
-38 -31 
-38 -45 
-38 -52 
-38 -59 
-39 -46 
-39 -53 
-39 -60 
-40 -5 
-40 -12 
-40 -19 
-40 -26 
-40 -33 
-41 -6 
-41 -13 
-41 -20 
-41 -27 
-41 -34 
-41 -48 
-42 -7 
-42 -14 
-42 -21 
-42 -28 
-42 -35 
-42 -49 
-42 -56 
-43 -15 
-43 -22 
-43 -29 
-43 -36 
-43 -50 
-43 -57 
-44 -23 
-44 -30 
-44 -37 
-44 -51 
-44 -58 
-45 -31 
-45 -38 
-45 -52 
-45 -59 
-46 -39 
-46 -53 
-46 -60 
-47 -54 
-47 -61 
-48 -6 
-48 -13 
-48 -20 
-48 -27 
-48 -34 
-48 -41 
-49 -7 
-49 -14 
-49 -21 
-49 -28 
-49 -35 
-49 -42 
-49 -56 
-50 -15 
-50 -22 
-50 -29 
-50 -36 
-50 -43 
-50 -57 
-51 -23 
-51 -30 
-51 -37 
-51 -44 
-51 -58 
-52 -31 
-52 -38 
-52 -45 
-52 -59 
-53 -39 
-53 -46 
-53 -60 
-54 -47 
-54 -61 
-55 -62 
-56 -7 
-56 -14 
-56 -21 
-56 -28 
-56 -35 
-56 -42 
-56 -49 
-57 -15 
-57 -22 
-57 -29 
-57 -36 
-57 -43 
-57 -50 
-58 -23 
-58 -30 
-58 -37 
-58 -44 
-58 -51 
-59 -31 
-59 -38 
-59 -45 
-59 -52 
-60 -39 
-60 -46 
-60 -53 
-61 -47 
-61 -54 
-62 -55 
